-19
225.273
307
363
363.318
370.364
310.545
296
205.572
146.09
68.4
59.36
58.9
29.27
33.76
60.82
82.62
75
17.24
-30.36
-154
-199.82
-261.64
-302.55
-318.09
-340
-347.27
-322.1
-331.27
-343
-369.14
-369.2
-393
-408.6
-427.3
-401.93
-395
-419.67
-422.75
-423.13
-433.12
-450.6
-480.81
-525.5
-545.25
-577
-590
-604.6
-600.12
-589.5
-514.8
-336.13
-127.54
32.5
113.5
138.81
137.2
87.38
49.53
12.25
-11.27
-37
-30.2
-70.64
-84.27
-72.43
-51.36
-36.09
-27.71
-62.37
-60.86
-82
-106.54
-139.86
-212.54
-239.43
-251.09
-247.14
-257
-283.67
-265.14
-286.2
-283.18
-280.6
-287.14
-298
-338
-325.52
-305.91
-322.62
-358.73
-357.52
-371.64
-364.36
-389.33
-374.81
-379.86
-363.73
-368.91
-363.81
-360
-351.82
-371.1
-359.55
-359.68
-363.43
-373.82
-367
-331.76
-159.28
-71.62
83.12
248.854
283.999
288.802
255.065
173.82
110.25
85.87
59.13
31.6
14.75
-15.25
-23.87
-21.2
-28
-20.25
-22.12
-21.81
-27.8
-95.37
-115.68
-151.75
-196.2
-235
-208.33
-239.87
-220.94
-207.77
-226.5
-235.64
-238.99
-221.64
-234.36
-248.78
-240
-258.54
-257.09
-268.45
-253.81
-270
-276.68
-286.67
-268.91
-279
-279.82
-288
-268
-299.42
-281.55
-286.2
-278.27
-295.51
-287.04
-295.82
-298.77
-305.66
-273.38
-146.92
-22.31
151.85
251.985
352.99
346.545
309.563
222.227
205.561
152.14
110.01
106.19
57.27
35.81
36.36
43
53.55
55.9
74
60.91
48.18
-11.24
-43.49
-90.8
-119.06
-155.4
-163.62
-182.37
-213.4
-230.79
-263
-266.75
-272.5
-273.75
-266
-295.37
-294.31
-309.18
-327.6
-320
-323.33
-347.31
-330.4
-333.25
-338.39
-352.63
-345.44
-364.18
-370.27
-365.15
-377.33
-388.82
-365.91
-337.64
-292.83
-35.03
47.9
160.31
271.64
256.287
195.65
146.43
98.01
51.53
52.91
5.4
-14.82
-45.99
-67.81
-70
-61.73
-71.14
-51.46
-58
-61.5
-108.07
-136.14
-183.35
-204.86
-236.91
-235.71
-271.99
-285.33
-280.82
-277.09
-285.09
-288
-293.99
-326.19
-289.82
-326.9
-326.08
-333.76
-344.91
-366.66
-391.64
-384.37
-386.59
-362.93
-379.75
-383.5
-363.34
-384.8
-381.5
-371
-315.53
-176.16
-14.43
186.83
318.731
384.931
385.072
349.008
282.747
221.451
195.67
148.01
101.61
63
43.94
21.25
46.32
75.56
74.45
64.46
75.09
34.55
6.84
-26.81
-47.71
-89.15
-164.63
-170.52
-210.33
-221.36
-225.68
-235.14
-218.09
-209.01
-209.91
-220
-220.36
-228.38
-262.41
-264.1
-269.99
-285.45
-277.57
-286.86
-284.91
-304.43
-314.44
-347.48
-339.73
-335.57
-320.74
-216.69
-61.92
19.91
209.026
295.884
374.185
338.098
301.019
231.829
184.63
126.1
83.44
-9.33
-43.91
-29.19
-33.77
-15.64
0.36
7.63
28.01
-2.49
-37.74
-82.62
-118.99
-141.13
-189.85
-194.56
-215.36
-247.06
-249
-245.81
-259.31
-247.67
-231.37
-248.99
-262.37
-275.99
-284.23
-319.07
-294.01
-281.99
-307.61
-332.33
-329.38
-355.73
-363
-373.71
-386.55
-385.13
-412.55
-382.84
-314.73
-203.55
-10.08
241.19
325.417
337.656
323.331
285.247
171.21
118.46
79.43
74.83
30.53
4.59
-36.6
-49.01
-41.86
-36.82
-41.33
-38.01
-65.71
-77.29
-140.44
-165.95
-202.53
-234.56
-237.46
-268.83
-270.45
-278.71
-285.5
-284.7
-285.73
-301.86
-300.37
-302
-300.72
-318.76
-322.18
-330.18
-338.86
-356.5
-378.41
-380.43
-393.75
-391
-392.37
-373.62
-386.13
-388.81
-376.46
-396
-404.56
-404.06
-387.99
-392.49
-379.81
-389.75
-392.98
-328.19
-154.35
88.56
265.08
399.54
449.013
439.05
373.366
301.44
257.243
207.113
173.94
141.46
92.89
71
66.45
47.98
64.44
61.86
33.29
38.06
8.94
-42.23
-55.24
-125.08
-166.07
-192.59
-209.56
-225.01
-239.11
-240.86
-242.64
-242.49
-256.02
-258.26
-244.33
-248.77
-266.03
-282.01
-291.56
-309.05
-302.75
-319.81
-326.04
-354.22
-339.67
-343.27
-348.84
-362.61
-382.89
-372.99
-347.23
-367.49
-350.29
-351
-366.27
-358.03
-379.09
-386.81
-328.21
-195.94
-24.86
238.634
328.263
437.119
473.286
